64,57
64,56
64,55
64,54
64,53
64,52
64,51
64,50
64,49
64,48
64,47
64,46
64,45
64,44
64,43
64,42
64,41
64,40
64,39
63,1
63,3
24,1
24,3
64,38
64,37
64,36
64,35
3,2
3,1
3,3
10,104
10,212
10,164
10,262
10,136
10,256
10,80
10,196
10,2
10,3
11,4
11,26
11,14
11,20
11,12
11,28
11,2
11,3
9,7
9,6
9,4
9,2
9,3
8,7
8,5
8,16
8,6
8,18
8,2
8,3
12,2
12,1
12,3
56,3
56,2
56,1
56,0
55,3
55,2
55,1
55,0
54,3
54,2
54,1
54,0
53,3
53,2
53,1
53,0
52,3
52,2
52,1
52,0
51,3
51,2
51,1
51,0
50,3
50,2
50,1
50,0
49,3
49,2
49,1
49,0
48,3
48,2
48,1
48,0
47,3
47,1
45,3
45,1
44,3
44,1
